[Continents]
1 12
2 10
3 6
4 14
5 7
6 4
7 5
8 6
9 5
10 8
11 5
12 2
13 1
14 2

[Countries]
1 1
2 1
3 1
4 1
5 1
6 1
7 1
8 1
9 1
10 1
11 1
12 1
13 2
14 2
15 2
16 2
17 2
18 2
19 2
20 2
21 2
22 2
23 3
24 3
25 3
26 3
27 3
28 3
29 4
30 4
31 4
32 4
33 4
34 4
35 4
36 4
37 4
38 4
39 4
40 4
41 4
42 4
43 5
44 5
45 5
46 5
47 5
48 5
49 5
50 6
51 6
52 6
53 6
54 7
55 7
56 7
57 7
58 7
59 8
60 8
61 8
62 8
63 8
64 8
65 9
66 9
67 9
68 9
69 9
70 10
71 10
72 10
73 10
74 10
75 10
76 10
77 10
78 11
79 11
80 11
81 11
82 11
83 12
84 12
85 13
86 14
87 14

[Borders]
1 2 12
2 1 3
3 2 4
4 3 5
5 4 6
6 5 7
7 6 8
8 7 9 22
9 8 10
10 9 11 12
11 10
12 1 10 14
13 14
14 12 13 15 16 18 41
15 14 16 76
16 14 15
17 21 39
18 14 19 41
19 18 21
20 21
21 17 19 20 22 31
22 8 21 30
23 24 25 29
24 23 25 26 27
25 23 24 26 29 30
26 24 25 27 28 32
27 24 26 28 43
28 26 27 33 43 44
29 23 25 30
30 22 25 29 31 32
31 21 30 36
32 26 30 33 35
33 28 32 34 44 52 53
34 33 37 38 53 54
35 32 36
36 31 35 37 39
37 34 36 38 39 44
38 34 37 39 54 64
39 17 36 37 38 40 41
40 39 41 42
41 14 18 39 40
42 40
43 27 28 44 45
44 28 33 37 43 45 52
45 43 44 47 48
46 47
47 45 46 48
48 45 47 49 51
49 48 50
50 49 51 56
51 48 50 52 53 55
52 33 44 51 53
53 33 34 51 52 54
54 34 38 53 55 64
55 51 54 56 57 58 63 64
56 50 55 57
57 55 56 58
58 55 57 59 63
59 58 60 61 63
60 59 61 63
61 59 60 62 66
62 61 63 64 65
63 55 58 59 60 62 64
64 38 54 55 62 63
65 62 66 67
66 61 65 68
67 65 68
68 66 67 69 70
69 68 70
70 68 69 71 72
71 70 86
72 70 73 74
73 72 74 79 80 81
74 72 73 75 79
75 74 76 77 79
76 15 75
77 75 78 79
78 77 79 80
79 73 74 75 77 78 80
80 73 78 79 81
81 73 80 82
82 81 83
83 82 84
84 83 85 87
85 84
86 71 87
87 84 86
